100
0 8 0 138 9 2 7 1 5 27 14 3 4 69 28 6 3244 155 19 1502 1290 15 2848 120 3097 11 176 126 1671 554 2264 63 37 968 1737 1310 583 21 708 13 17 121 20 16 1263 23 65 199 859 1495 12 468 10 252 22 184 62 6729 18 30 404 148 3975 1482 5926 72 57 900 139 869 35 621 2818 2060 107 38 485 58 236 356 197 867 24 7624 3756 166 74 193 3110 355 44 102 131 1334 5921 1173 1954 26 114 78 45 303 164 253 2591 9517
1 8 0 138 9 2 7 1 5 27 14 3 4 69 28 6 3244 155 19 1502 1290 15 2848 120 3097 11 176 126 1671 554 2264 63 37 968 1737 1310 583 21 708 13 17 121 20 16 1263 23 65 199 859 1495 12 468 10 252 22 184 62 6729 18 30 404 148 3975 1482 5926 72 57 900 139 869 35 621 2818 2060 107 38 485 58 236 356 197 867 24 7624 3756 166 74 193 3110 355 44 102 131 1334 5921 1173 1954 26 114 78 45 303 164 253 2591 9517
2 8 0 138 9 2 7 1 5 27 14 3 4 69 28 6 3244 155 19 1502 1290 15 2848 120 3097 11 176 126 1671 554 2264 63 37 968 1737 1310 583 21 708 13 17 121 20 16 1263 23 65 199 859 1495 12 468 10 252 22 184 62 6729 18 30 404 148 3975 1482 5926 72 57 900 139 869 35 621 2818 2060 107 38 485 58 236 356 197 867 24 7624 3756 166 74 193 3110 355 44 102 131 1334 5921 1173 1954 26 114 78 45 303 164 253 2591 9517
3 8 0 138 9 2 7 1 5 27 14 3 4 69 28 6 3244 155 19 1502 1290 15 2848 120 3097 11 176 126 1671 554 2264 63 37 968 1737 1310 583 21 708 13 17 121 20 16 1263 23 65 199 859 1495 12 468 10 252 22 184 62 6729 18 30 404 148 3975 1482 5926 72 57 900 139 869 35 621 2818 2060 107 38 485 58 236 356 197 867 24 7624 3756 166 74 193 3110 355 44 102 131 1334 5921 1173 1954 26 114 78 45 303 164 253 2591 9517
4 8 0 138 9 2 7 1 5 27 14 3 4 69 28 6 3244 155 19 1502 1290 15 2848 120 3097 11 176 126 1671 554 2264 63 37 968 1737 1310 583 21 708 13 17 121 20 16 1263 23 65 199 859 1495 12 468 10 252 22 184 62 6729 18 30 404 148 3975 1482 5926 72 57 900 139 869 35 621 2818 2060 107 38 485 58 236 356 197 867 24 7624 3756 166 74 193 3110 355 44 102 131 1334 5921 1173 1954 26 114 78 45 303 164 253 2591 9517
5 8 0 138 9 2 7 1 5 27 14 3 4 69 28 6 3244 155 19 1502 1290 15 2848 120 3097 11 176 126 1671 554 2264 63 37 968 1737 1310 583 21 708 13 17 121 20 16 1263 23 65 199 859 1495 12 468 10 252 22 184 62 6729 18 30 404 148 3975 1482 5926 72 57 900 139 869 35 621 2818 2060 107 38 485 58 236 356 197 867 24 7624 3756 166 74 193 3110 355 44 102 131 1334 5921 1173 1954 26 114 78 45 303 164 253 2591 9517
6 8 0 138 9 2 7 1 5 27 14 3 4 69 28 6 3244 155 19 1502 1290 15 2848 120 3097 11 176 126 1671 554 2264 63 37 968 1737 1310 583 21 708 13 17 121 20 16 1263 23 65 199 859 1495 12 468 10 252 22 184 62 6729 18 30 404 148 3975 1482 5926 72 57 900 139 869 35 621 2818 2060 107 38 485 58 236 356 197 867 24 7624 3756 166 74 193 3110 355 44 102 131 1334 5921 1173 1954 26 114 78 45 303 164 253 2591 9517
7 8 0 138 9 2 7 1 5 27 14 3 4 69 28 6 3244 155 19 1502 1290 15 2848 120 3097 11 176 126 1671 554 2264 63 37 968 1737 1310 583 21 708 13 17 121 20 16 1263 23 65 199 859 1495 12 468 10 252 22 184 62 6729 18 30 404 148 3975 1482 5926 72 57 900 139 869 35 621 2818 2060 107 38 485 58 236 356 197 867 24 7624 3756 166 74 193 3110 355 44 102 131 1334 5921 1173 1954 26 114 78 45 303 164 253 2591 9517
8 8 0 138 9 2 7 1 5 27 14 3 4 69 28 6 3244 155 19 1502 1290 15 2848 120 3097 11 176 126 1671 554 2264 63 37 968 1737 1310 583 21 708 13 17 121 20 16 1263 23 65 199 859 1495 12 468 10 252 22 184 62 6729 18 30 404 148 3975 1482 5926 72 57 900 139 869 35 621 2818 2060 107 38 485 58 236 356 197 867 24 7624 3756 166 74 193 3110 355 44 102 131 1334 5921 1173 1954 26 114 78 45 303 164 253 2591 9517
9 8 0 138 9 2 7 1 5 27 14 3 4 69 28 6 3244 155 19 1502 1290 15 2848 120 3097 11 176 126 1671 554 2264 63 37 968 1737 1310 583 21 708 13 17 121 20 16 1263 23 65 199 859 1495 12 468 10 252 22 184 62 6729 18 30 404 148 3975 1482 5926 72 57 900 139 869 35 621 2818 2060 107 38 485 58 236 356 197 867 24 7624 3756 166 74 193 3110 355 44 102 131 1334 5921 1173 1954 26 114 78 45 303 164 253 2591 9517
10 8 0 138 9 2 7 1 5 27 14 3 4 69 28 6 3244 155 19 1502 1290 15 2848 120 3097 11 176 126 1671 554 2264 63 37 968 1737 1310 583 21 708 13 17 121 20 16 1263 23 65 199 859 1495 12 468 10 252 22 184 62 6729 18 30 404 148 3975 1482 5926 72 57 900 139 869 35 621 2818 2060 107 38 485 58 236 356 197 867 24 7624 3756 166 74 193 3110 355 44 102 131 1334 5921 1173 1954 26 114 78 45 303 164 253 2591 9517
11 8 0 138 9 2 7 1 5 27 14 3 4 69 28 6 3244 155 19 1502 1290 15 2848 120 3097 11 176 126 1671 554 2264 63 37 968 1737 1310 583 21 708 13 17 121 20 16 1263 23 65 199 859 1495 12 468 10 252 22 184 62 6729 18 30 404 148 3975 1482 5926 72 57 900 139 869 35 621 2818 2060 107 38 485 58 236 356 197 867 24 7624 3756 166 74 193 3110 355 44 102 131 1334 5921 1173 1954 26 114 78 45 303 164 253 2591 9517
12 8 0 138 9 2 7 1 5 27 14 3 4 69 28 6 3244 155 19 1502 1290 15 2848 120 3097 11 176 126 1671 554 2264 63 37 968 1737 1310 583 21 708 13 17 121 20 16 1263 23 65 199 859 1495 12 468 10 252 22 184 62 6729 18 30 404 148 3975 1482 5926 72 57 900 139 869 35 621 2818 2060 107 38 485 58 236 356 197 867 24 7624 3756 166 74 193 3110 355 44 102 131 1334 5921 1173 1954 26 114 78 45 303 164 253 2591 9517
13 8 0 138 9 2 7 1 5 27 14 3 4 69 28 6 3244 155 19 1502 1290 15 2848 120 3097 11 176 126 1671 554 2264 63 37 968 1737 1310 583 21 708 13 17 121 20 16 1263 23 65 199 859 1495 12 468 10 252 22 184 62 6729 18 30 404 148 3975 1482 5926 72 57 900 139 869 35 621 2818 2060 107 38 485 58 236 356 197 867 24 7624 3756 166 74 193 3110 355 44 102 131 1334 5921 1173 1954 26 114 78 45 303 164 253 2591 9517
14 8 0 138 9 2 7 1 5 27 14 3 4 69 28 6 3244 155 19 1502 1290 15 2848 120 3097 11 176 126 1671 554 2264 63 37 968 1737 1310 583 21 708 13 17 121 20 16 1263 23 65 199 859 1495 12 468 10 252 22 184 62 6729 18 30 404 148 3975 1482 5926 72 57 900 139 869 35 621 2818 2060 107 38 485 58 236 356 197 867 24 7624 3756 166 74 193 3110 355 44 102 131 1334 5921 1173 1954 26 114 78 45 303 164 253 2591 9517
15 8 0 138 9 2 7 1 5 27 14 3 4 69 28 6 3244 155 19 1502 1290 15 2848 120 3097 11 176 126 1671 554 2264 63 37 968 1737 1310 583 21 708 13 17 121 20 16 1263 23 65 199 859 1495 12 468 10 252 22 184 62 6729 18 30 404 148 3975 1482 5926 72 57 900 139 869 35 621 2818 2060 107 38 485 58 236 356 197 867 24 7624 3756 166 74 193 3110 355 44 102 131 1334 5921 1173 1954 26 114 78 45 303 164 253 2591 9517
16 8 0 138 9 2 7 1 5 27 14 3 4 69 28 6 3244 155 19 1502 1290 15 2848 120 3097 11 176 126 1671 554 2264 63 37 968 1737 1310 583 21 708 13 17 121 20 16 1263 23 65 199 859 1495 12 468 10 252 22 184 62 6729 18 30 404 148 3975 1482 5926 72 57 900 139 869 35 621 2818 2060 107 38 485 58 236 356 197 867 24 7624 3756 166 74 193 3110 355 44 102 131 1334 5921 1173 1954 26 114 78 45 303 164 253 2591 9517
17 8 0 138 9 2 7 1 5 27 14 3 4 69 28 6 3244 155 19 1502 1290 15 2848 120 3097 11 176 126 1671 554 2264 63 37 968 1737 1310 583 21 708 13 17 121 20 16 1263 23 65 199 859 1495 12 468 10 252 22 184 62 6729 18 30 404 148 3975 1482 5926 72 57 900 139 869 35 621 2818 2060 107 38 485 58 236 356 197 867 24 7624 3756 166 74 193 3110 355 44 102 131 1334 5921 1173 1954 26 114 78 45 303 164 253 2591 9517
18 8 0 138 9 2 7 1 5 27 14 3 4 69 28 6 3244 155 19 1502 1290 15 2848 120 3097 11 176 126 1671 554 2264 63 37 968 1737 1310 583 21 708 13 17 121 20 16 1263 23 65 199 859 1495 12 468 10 252 22 184 62 6729 18 30 404 148 3975 1482 5926 72 57 900 139 869 35 621 2818 2060 107 38 485 58 236 356 197 867 24 7624 3756 166 74 193 3110 355 44 102 131 1334 5921 1173 1954 26 114 78 45 303 164 253 2591 9517
19 8 0 138 9 2 7 1 5 27 14 3 4 69 28 6 3244 155 19 1502 1290 15 2848 120 3097 11 176 126 1671 554 2264 63 37 968 1737 1310 583 21 708 13 17 121 20 16 1263 23 65 199 859 1495 12 468 10 252 22 184 62 6729 18 30 404 148 3975 1482 5926 72 57 900 139 869 35 621 2818 2060 107 38 485 58 236 356 197 867 24 7624 3756 166 74 193 3110 355 44 102 131 1334 5921 1173 1954 26 114 78 45 303 164 253 2591 9517
20 8 0 138 9 2 7 1 5 27 14 3 4 69 28 6 3244 155 19 1502 1290 15 2848 120 3097 11 176 126 1671 554 2264 63 37 968 1737 1310 583 21 708 13 17 121 20 16 1263 23 65 199 859 1495 12 468 10 252 22 184 62 6729 18 30 404 148 3975 1482 5926 72 57 900 139 869 35 621 2818 2060 107 38 485 58 236 356 197 867 24 7624 3756 166 74 193 3110 355 44 102 131 1334 5921 1173 1954 26 114 78 45 303 164 253 2591 9517
21 8 0 138 9 2 7 1 5 27 14 3 4 69 28 6 3244 155 19 1502 1290 15 2848 120 3097 11 176 126 1671 554 2264 63 37 968 1737 1310 583 21 708 13 17 121 20 16 1263 23 65 199 859 1495 12 468 10 252 22 184 62 6729 18 30 404 148 3975 1482 5926 72 57 900 139 869 35 621 2818 2060 107 38 485 58 236 356 197 867 24 7624 3756 166 74 193 3110 355 44 102 131 1334 5921 1173 1954 26 114 78 45 303 164 253 2591 9517
22 8 0 138 9 2 7 1 5 27 14 3 4 69 28 6 3244 155 19 1502 1290 15 2848 120 3097 11 176 126 1671 554 2264 63 37 968 1737 1310 583 21 708 13 17 121 20 16 1263 23 65 199 859 1495 12 468 10 252 22 184 62 6729 18 30 404 148 3975 1482 5926 72 57 900 139 869 35 621 2818 2060 107 38 485 58 236 356 197 867 24 7624 3756 166 74 193 3110 355 44 102 131 1334 5921 1173 1954 26 114 78 45 303 164 253 2591 9517
23 8 0 138 9 2 7 1 5 27 14 3 4 69 28 6 3244 155 19 1502 1290 15 2848 120 3097 11 176 126 1671 554 2264 63 37 968 1737 1310 583 21 708 13 17 121 20 16 1263 23 65 199 859 1495 12 468 10 252 22 184 62 6729 18 30 404 148 3975 1482 5926 72 57 900 139 869 35 621 2818 2060 107 38 485 58 236 356 197 867 24 7624 3756 166 74 193 3110 355 44 102 131 1334 5921 1173 1954 26 114 78 45 303 164 253 2591 9517
24 8 0 138 9 2 7 1 5 27 14 3 4 69 28 6 3244 155 19 1502 1290 15 2848 120 3097 11 176 126 1671 554 2264 63 37 968 1737 1310 583 21 708 13 17 121 20 16 1263 23 65 199 859 1495 12 468 10 252 22 184 62 6729 18 30 404 148 3975 1482 5926 72 57 900 139 869 35 621 2818 2060 107 38 485 58 236 356 197 867 24 7624 3756 166 74 193 3110 355 44 102 131 1334 5921 1173 1954 26 114 78 45 303 164 253 2591 9517
25 8 0 138 9 2 7 1 5 27 14 3 4 69 28 6 3244 155 19 1502 1290 15 2848 120 3097 11 176 126 1671 554 2264 63 37 968 1737 1310 583 21 708 13 17 121 20 16 1263 23 65 199 859 1495 12 468 10 252 22 184 62 6729 18 30 404 148 3975 1482 5926 72 57 900 139 869 35 621 2818 2060 107 38 485 58 236 356 197 867 24 7624 3756 166 74 193 3110 355 44 102 131 1334 5921 1173 1954 26 114 78 45 303 164 253 2591 9517
26 8 0 138 9 2 7 1 5 27 14 3 4 69 28 6 3244 155 19 1502 1290 15 2848 120 3097 11 176 126 1671 554 2264 63 37 968 1737 1310 583 21 708 13 17 121 20 16 1263 23 65 199 859 1495 12 468 10 252 22 184 62 6729 18 30 404 148 3975 1482 5926 72 57 900 139 869 35 621 2818 2060 107 38 485 58 236 356 197 867 24 7624 3756 166 74 193 3110 355 44 102 131 1334 5921 1173 1954 26 114 78 45 303 164 253 2591 9517
27 8 0 138 9 2 7 1 5 27 14 3 4 69 28 6 3244 155 19 1502 1290 15 2848 120 3097 11 176 126 1671 554 2264 63 37 968 1737 1310 583 21 708 13 17 121 20 16 1263 23 65 199 859 1495 12 468 10 252 22 184 62 6729 18 30 404 148 3975 1482 5926 72 57 900 139 869 35 621 2818 2060 107 38 485 58 236 356 197 867 24 7624 3756 166 74 193 3110 355 44 102 131 1334 5921 1173 1954 26 114 78 45 303 164 253 2591 9517
28 8 0 138 9 2 7 1 5 27 14 3 4 69 28 6 3244 155 19 1502 1290 15 2848 120 3097 11 176 126 1671 554 2264 63 37 968 1737 1310 583 21 708 13 17 121 20 16 1263 23 65 199 859 1495 12 468 10 252 22 184 62 6729 18 30 404 148 3975 1482 5926 72 57 900 139 869 35 621 2818 2060 107 38 485 58 236 356 197 867 24 7624 3756 166 74 193 3110 355 44 102 131 1334 5921 1173 1954 26 114 78 45 303 164 253 2591 9517
29 8 0 138 9 2 7 1 5 27 14 3 4 69 28 6 3244 155 19 1502 1290 15 2848 120 3097 11 176 126 1671 554 2264 63 37 968 1737 1310 583 21 708 13 17 121 20 16 1263 23 65 199 859 1495 12 468 10 252 22 184 62 6729 18 30 404 148 3975 1482 5926 72 57 900 139 869 35 621 2818 2060 107 38 485 58 236 356 197 867 24 7624 3756 166 74 193 3110 355 44 102 131 1334 5921 1173 1954 26 114 78 45 303 164 253 2591 9517
30 8 0 138 9 2 7 1 5 27 14 3 4 69 28 6 3244 155 19 1502 1290 15 2848 120 3097 11 176 126 1671 554 2264 63 37 968 1737 1310 583 21 708 13 17 121 20 16 1263 23 65 199 859 1495 12 468 10 252 22 184 62 6729 18 30 404 148 3975 1482 5926 72 57 900 139 869 35 621 2818 2060 107 38 485 58 236 356 197 867 24 7624 3756 166 74 193 3110 355 44 102 131 1334 5921 1173 1954 26 114 78 45 303 164 253 2591 9517
31 8 0 138 9 2 7 1 5 27 14 3 4 69 28 6 3244 155 19 1502 1290 15 2848 120 3097 11 176 126 1671 554 2264 63 37 968 1737 1310 583 21 708 13 17 121 20 16 1263 23 65 199 859 1495 12 468 10 252 22 184 62 6729 18 30 404 148 3975 1482 5926 72 57 900 139 869 35 621 2818 2060 107 38 485 58 236 356 197 867 24 7624 3756 166 74 193 3110 355 44 102 131 1334 5921 1173 1954 26 114 78 45 303 164 253 2591 9517
32 8 0 138 9 2 7 1 5 27 14 3 4 69 28 6 3244 155 19 1502 1290 15 2848 120 3097 11 176 126 1671 554 2264 63 37 968 1737 1310 583 21 708 13 17 121 20 16 1263 23 65 199 859 1495 12 468 10 252 22 184 62 6729 18 30 404 148 3975 1482 5926 72 57 900 139 869 35 621 2818 2060 107 38 485 58 236 356 197 867 24 7624 3756 166 74 193 3110 355 44 102 131 1334 5921 1173 1954 26 114 78 45 303 164 253 2591 9517
33 8 0 138 9 2 7 1 5 27 14 3 4 69 28 6 3244 155 19 1502 1290 15 2848 120 3097 11 176 126 1671 554 2264 63 37 968 1737 1310 583 21 708 13 17 121 20 16 1263 23 65 199 859 1495 12 468 10 252 22 184 62 6729 18 30 404 148 3975 1482 5926 72 57 900 139 869 35 621 2818 2060 107 38 485 58 236 356 197 867 24 7624 3756 166 74 193 3110 355 44 102 131 1334 5921 1173 1954 26 114 78 45 303 164 253 2591 9517
34 8 0 138 9 2 7 1 5 27 14 3 4 69 28 6 3244 155 19 1502 1290 15 2848 120 3097 11 176 126 1671 554 2264 63 37 968 1737 1310 583 21 708 13 17 121 20 16 1263 23 65 199 859 1495 12 468 10 252 22 184 62 6729 18 30 404 148 3975 1482 5926 72 57 900 139 869 35 621 2818 2060 107 38 485 58 236 356 197 867 24 7624 3756 166 74 193 3110 355 44 102 131 1334 5921 1173 1954 26 114 78 45 303 164 253 2591 9517
35 8 0 138 9 2 7 1 5 27 14 3 4 69 28 6 3244 155 19 1502 1290 15 2848 120 3097 11 176 126 1671 554 2264 63 37 968 1737 1310 583 21 708 13 17 121 20 16 1263 23 65 199 859 1495 12 468 10 252 22 184 62 6729 18 30 404 148 3975 1482 5926 72 57 900 139 869 35 621 2818 2060 107 38 485 58 236 356 197 867 24 7624 3756 166 74 193 3110 355 44 102 131 1334 5921 1173 1954 26 114 78 45 303 164 253 2591 9517
36 8 0 138 9 2 7 1 5 27 14 3 4 69 28 6 3244 155 19 1502 1290 15 2848 120 3097 11 176 126 1671 554 2264 63 37 968 1737 1310 583 21 708 13 17 121 20 16 1263 23 65 199 859 1495 12 468 10 252 22 184 62 6729 18 30 404 148 3975 1482 5926 72 57 900 139 869 35 621 2818 2060 107 38 485 58 236 356 197 867 24 7624 3756 166 74 193 3110 355 44 102 131 1334 5921 1173 1954 26 114 78 45 303 164 253 2591 9517
37 8 0 138 9 2 7 1 5 27 14 3 4 69 28 6 3244 155 19 1502 1290 15 2848 120 3097 11 176 126 1671 554 2264 63 37 968 1737 1310 583 21 708 13 17 121 20 16 1263 23 65 199 859 1495 12 468 10 252 22 184 62 6729 18 30 404 148 3975 1482 5926 72 57 900 139 869 35 621 2818 2060 107 38 485 58 236 356 197 867 24 7624 3756 166 74 193 3110 355 44 102 131 1334 5921 1173 1954 26 114 78 45 303 164 253 2591 9517
38 8 0 138 9 2 7 1 5 27 14 3 4 69 28 6 3244 155 19 1502 1290 15 2848 120 3097 11 176 126 1671 554 2264 63 37 968 1737 1310 583 21 708 13 17 121 20 16 1263 23 65 199 859 1495 12 468 10 252 22 184 62 6729 18 30 404 148 3975 1482 5926 72 57 900 139 869 35 621 2818 2060 107 38 485 58 236 356 197 867 24 7624 3756 166 74 193 3110 355 44 102 131 1334 5921 1173 1954 26 114 78 45 303 164 253 2591 9517
39 8 0 138 9 2 7 1 5 27 14 3 4 69 28 6 3244 155 19 1502 1290 15 2848 120 3097 11 176 126 1671 554 2264 63 37 968 1737 1310 583 21 708 13 17 121 20 16 1263 23 65 199 859 1495 12 468 10 252 22 184 62 6729 18 30 404 148 3975 1482 5926 72 57 900 139 869 35 621 2818 2060 107 38 485 58 236 356 197 867 24 7624 3756 166 74 193 3110 355 44 102 131 1334 5921 1173 1954 26 114 78 45 303 164 253 2591 9517
40 8 0 138 9 2 7 1 5 27 14 3 4 69 28 6 3244 155 19 1502 1290 15 2848 120 3097 11 176 126 1671 554 2264 63 37 968 1737 1310 583 21 708 13 17 121 20 16 1263 23 65 199 859 1495 12 468 10 252 22 184 62 6729 18 30 404 148 3975 1482 5926 72 57 900 139 869 35 621 2818 2060 107 38 485 58 236 356 197 867 24 7624 3756 166 74 193 3110 355 44 102 131 1334 5921 1173 1954 26 114 78 45 303 164 253 2591 9517
41 8 0 138 9 2 7 1 5 27 14 3 4 69 28 6 3244 155 19 1502 1290 15 2848 120 3097 11 176 126 1671 554 2264 63 37 968 1737 1310 583 21 708 13 17 121 20 16 1263 23 65 199 859 1495 12 468 10 252 22 184 62 6729 18 30 404 148 3975 1482 5926 72 57 900 139 869 35 621 2818 2060 107 38 485 58 236 356 197 867 24 7624 3756 166 74 193 3110 355 44 102 131 1334 5921 1173 1954 26 114 78 45 303 164 253 2591 9517
42 8 0 138 9 2 7 1 5 27 14 3 4 69 28 6 3244 155 19 1502 1290 15 2848 120 3097 11 176 126 1671 554 2264 63 37 968 1737 1310 583 21 708 13 17 121 20 16 1263 23 65 199 859 1495 12 468 10 252 22 184 62 6729 18 30 404 148 3975 1482 5926 72 57 900 139 869 35 621 2818 2060 107 38 485 58 236 356 197 867 24 7624 3756 166 74 193 3110 355 44 102 131 1334 5921 1173 1954 26 114 78 45 303 164 253 2591 9517
43 8 0 138 9 2 7 1 5 27 14 3 4 69 28 6 3244 155 19 1502 1290 15 2848 120 3097 11 176 126 1671 554 2264 63 37 968 1737 1310 583 21 708 13 17 121 20 16 1263 23 65 199 859 1495 12 468 10 252 22 184 62 6729 18 30 404 148 3975 1482 5926 72 57 900 139 869 35 621 2818 2060 107 38 485 58 236 356 197 867 24 7624 3756 166 74 193 3110 355 44 102 131 1334 5921 1173 1954 26 114 78 45 303 164 253 2591 9517
44 8 0 138 9 2 7 1 5 27 14 3 4 69 28 6 3244 155 19 1502 1290 15 2848 120 3097 11 176 126 1671 554 2264 63 37 968 1737 1310 583 21 708 13 17 121 20 16 1263 23 65 199 859 1495 12 468 10 252 22 184 62 6729 18 30 404 148 3975 1482 5926 72 57 900 139 869 35 621 2818 2060 107 38 485 58 236 356 197 867 24 7624 3756 166 74 193 3110 355 44 102 131 1334 5921 1173 1954 26 114 78 45 303 164 253 2591 9517
45 8 0 138 9 2 7 1 5 27 14 3 4 69 28 6 3244 155 19 1502 1290 15 2848 120 3097 11 176 126 1671 554 2264 63 37 968 1737 1310 583 21 708 13 17 121 20 16 1263 23 65 199 859 1495 12 468 10 252 22 184 62 6729 18 30 404 148 3975 1482 5926 72 57 900 139 869 35 621 2818 2060 107 38 485 58 236 356 197 867 24 7624 3756 166 74 193 3110 355 44 102 131 1334 5921 1173 1954 26 114 78 45 303 164 253 2591 9517
46 8 0 138 9 2 7 1 5 27 14 3 4 69 28 6 3244 155 19 1502 1290 15 2848 120 3097 11 176 126 1671 554 2264 63 37 968 1737 1310 583 21 708 13 17 121 20 16 1263 23 65 199 859 1495 12 468 10 252 22 184 62 6729 18 30 404 148 3975 1482 5926 72 57 900 139 869 35 621 2818 2060 107 38 485 58 236 356 197 867 24 7624 3756 166 74 193 3110 355 44 102 131 1334 5921 1173 1954 26 114 78 45 303 164 253 2591 9517
47 8 0 138 9 2 7 1 5 27 14 3 4 69 28 6 3244 155 19 1502 1290 15 2848 120 3097 11 176 126 1671 554 2264 63 37 968 1737 1310 583 21 708 13 17 121 20 16 1263 23 65 199 859 1495 12 468 10 252 22 184 62 6729 18 30 404 148 3975 1482 5926 72 57 900 139 869 35 621 2818 2060 107 38 485 58 236 356 197 867 24 7624 3756 166 74 193 3110 355 44 102 131 1334 5921 1173 1954 26 114 78 45 303 164 253 2591 9517
48 8 0 138 9 2 7 1 5 27 14 3 4 69 28 6 3244 155 19 1502 1290 15 2848 120 3097 11 176 126 1671 554 2264 63 37 968 1737 1310 583 21 708 13 17 121 20 16 1263 23 65 199 859 1495 12 468 10 252 22 184 62 6729 18 30 404 148 3975 1482 5926 72 57 900 139 869 35 621 2818 2060 107 38 485 58 236 356 197 867 24 7624 3756 166 74 193 3110 355 44 102 131 1334 5921 1173 1954 26 114 78 45 303 164 253 2591 9517
49 8 0 138 9 2 7 1 5 27 14 3 4 69 28 6 3244 155 19 1502 1290 15 2848 120 3097 11 176 126 1671 554 2264 63 37 968 1737 1310 583 21 708 13 17 121 20 16 1263 23 65 199 859 1495 12 468 10 252 22 184 62 6729 18 30 404 148 3975 1482 5926 72 57 900 139 869 35 621 2818 2060 107 38 485 58 236 356 197 867 24 7624 3756 166 74 193 3110 355 44 102 131 1334 5921 1173 1954 26 114 78 45 303 164 253 2591 9517
50 8 0 138 9 2 7 1 5 27 14 3 4 69 28 6 3244 155 19 1502 1290 15 2848 120 3097 11 176 126 1671 554 2264 63 37 968 1737 1310 583 21 708 13 17 121 20 16 1263 23 65 199 859 1495 12 468 10 252 22 184 62 6729 18 30 404 148 3975 1482 5926 72 57 900 139 869 35 621 2818 2060 107 38 485 58 236 356 197 867 24 7624 3756 166 74 193 3110 355 44 102 131 1334 5921 1173 1954 26 114 78 45 303 164 253 2591 9517
51 8 0 138 9 2 7 1 5 27 14 3 4 69 28 6 3244 155 19 1502 1290 15 2848 120 3097 11 176 126 1671 554 2264 63 37 968 1737 1310 583 21 708 13 17 121 20 16 1263 23 65 199 859 1495 12 468 10 252 22 184 62 6729 18 30 404 148 3975 1482 5926 72 57 900 139 869 35 621 2818 2060 107 38 485 58 236 356 197 867 24 7624 3756 166 74 193 3110 355 44 102 131 1334 5921 1173 1954 26 114 78 45 303 164 253 2591 9517
52 8 0 138 9 2 7 1 5 27 14 3 4 69 28 6 3244 155 19 1502 1290 15 2848 120 3097 11 176 126 1671 554 2264 63 37 968 1737 1310 583 21 708 13 17 121 20 16 1263 23 65 199 859 1495 12 468 10 252 22 184 62 6729 18 30 404 148 3975 1482 5926 72 57 900 139 869 35 621 2818 2060 107 38 485 58 236 356 197 867 24 7624 3756 166 74 193 3110 355 44 102 131 1334 5921 1173 1954 26 114 78 45 303 164 253 2591 9517
53 8 0 138 9 2 7 1 5 27 14 3 4 69 28 6 3244 155 19 1502 1290 15 2848 120 3097 11 176 126 1671 554 2264 63 37 968 1737 1310 583 21 708 13 17 121 20 16 1263 23 65 199 859 1495 12 468 10 252 22 184 62 6729 18 30 404 148 3975 1482 5926 72 57 900 139 869 35 621 2818 2060 107 38 485 58 236 356 197 867 24 7624 3756 166 74 193 3110 355 44 102 131 1334 5921 1173 1954 26 114 78 45 303 164 253 2591 9517
54 8 0 138 9 2 7 1 5 27 14 3 4 69 28 6 3244 155 19 1502 1290 15 2848 120 3097 11 176 126 1671 554 2264 63 37 968 1737 1310 583 21 708 13 17 121 20 16 1263 23 65 199 859 1495 12 468 10 252 22 184 62 6729 18 30 404 148 3975 1482 5926 72 57 900 139 869 35 621 2818 2060 107 38 485 58 236 356 197 867 24 7624 3756 166 74 193 3110 355 44 102 131 1334 5921 1173 1954 26 114 78 45 303 164 253 2591 9517
55 8 0 138 9 2 7 1 5 27 14 3 4 69 28 6 3244 155 19 1502 1290 15 2848 120 3097 11 176 126 1671 554 2264 63 37 968 1737 1310 583 21 708 13 17 121 20 16 1263 23 65 199 859 1495 12 468 10 252 22 184 62 6729 18 30 404 148 3975 1482 5926 72 57 900 139 869 35 621 2818 2060 107 38 485 58 236 356 197 867 24 7624 3756 166 74 193 3110 355 44 102 131 1334 5921 1173 1954 26 114 78 45 303 164 253 2591 9517
56 8 0 138 9 2 7 1 5 27 14 3 4 69 28 6 3244 155 19 1502 1290 15 2848 120 3097 11 176 126 1671 554 2264 63 37 968 1737 1310 583 21 708 13 17 121 20 16 1263 23 65 199 859 1495 12 468 10 252 22 184 62 6729 18 30 404 148 3975 1482 5926 72 57 900 139 869 35 621 2818 2060 107 38 485 58 236 356 197 867 24 7624 3756 166 74 193 3110 355 44 102 131 1334 5921 1173 1954 26 114 78 45 303 164 253 2591 9517
57 8 0 138 9 2 7 1 5 27 14 3 4 69 28 6 3244 155 19 1502 1290 15 2848 120 3097 11 176 126 1671 554 2264 63 37 968 1737 1310 583 21 708 13 17 121 20 16 1263 23 65 199 859 1495 12 468 10 252 22 184 62 6729 18 30 404 148 3975 1482 5926 72 57 900 139 869 35 621 2818 2060 107 38 485 58 236 356 197 867 24 7624 3756 166 74 193 3110 355 44 102 131 1334 5921 1173 1954 26 114 78 45 303 164 253 2591 9517
58 8 0 138 9 2 7 1 5 27 14 3 4 69 28 6 3244 155 19 1502 1290 15 2848 120 3097 11 176 126 1671 554 2264 63 37 968 1737 1310 583 21 708 13 17 121 20 16 1263 23 65 199 859 1495 12 468 10 252 22 184 62 6729 18 30 404 148 3975 1482 5926 72 57 900 139 869 35 621 2818 2060 107 38 485 58 236 356 197 867 24 7624 3756 166 74 193 3110 355 44 102 131 1334 5921 1173 1954 26 114 78 45 303 164 253 2591 9517
59 8 0 138 9 2 7 1 5 27 14 3 4 69 28 6 3244 155 19 1502 1290 15 2848 120 3097 11 176 126 1671 554 2264 63 37 968 1737 1310 583 21 708 13 17 121 20 16 1263 23 65 199 859 1495 12 468 10 252 22 184 62 6729 18 30 404 148 3975 1482 5926 72 57 900 139 869 35 621 2818 2060 107 38 485 58 236 356 197 867 24 7624 3756 166 74 193 3110 355 44 102 131 1334 5921 1173 1954 26 114 78 45 303 164 253 2591 9517
60 8 0 138 9 2 7 1 5 27 14 3 4 69 28 6 3244 155 19 1502 1290 15 2848 120 3097 11 176 126 1671 554 2264 63 37 968 1737 1310 583 21 708 13 17 121 20 16 1263 23 65 199 859 1495 12 468 10 252 22 184 62 6729 18 30 404 148 3975 1482 5926 72 57 900 139 869 35 621 2818 2060 107 38 485 58 236 356 197 867 24 7624 3756 166 74 193 3110 355 44 102 131 1334 5921 1173 1954 26 114 78 45 303 164 253 2591 9517
61 8 0 138 9 2 7 1 5 27 14 3 4 69 28 6 3244 155 19 1502 1290 15 2848 120 3097 11 176 126 1671 554 2264 63 37 968 1737 1310 583 21 708 13 17 121 20 16 1263 23 65 199 859 1495 12 468 10 252 22 184 62 6729 18 30 404 148 3975 1482 5926 72 57 900 139 869 35 621 2818 2060 107 38 485 58 236 356 197 867 24 7624 3756 166 74 193 3110 355 44 102 131 1334 5921 1173 1954 26 114 78 45 303 164 253 2591 9517
62 8 0 138 9 2 7 1 5 27 14 3 4 69 28 6 3244 155 19 1502 1290 15 2848 120 3097 11 176 126 1671 554 2264 63 37 968 1737 1310 583 21 708 13 17 121 20 16 1263 23 65 199 859 1495 12 468 10 252 22 184 62 6729 18 30 404 148 3975 1482 5926 72 57 900 139 869 35 621 2818 2060 107 38 485 58 236 356 197 867 24 7624 3756 166 74 193 3110 355 44 102 131 1334 5921 1173 1954 26 114 78 45 303 164 253 2591 9517
63 8 0 138 9 2 7 1 5 27 14 3 4 69 28 6 3244 155 19 1502 1290 15 2848 120 3097 11 176 126 1671 554 2264 63 37 968 1737 1310 583 21 708 13 17 121 20 16 1263 23 65 199 859 1495 12 468 10 252 22 184 62 6729 18 30 404 148 3975 1482 5926 72 57 900 139 869 35 621 2818 2060 107 38 485 58 236 356 197 867 24 7624 3756 166 74 193 3110 355 44 102 131 1334 5921 1173 1954 26 114 78 45 303 164 253 2591 9517
64 8 0 138 9 2 7 1 5 27 14 3 4 69 28 6 3244 155 19 1502 1290 15 2848 120 3097 11 176 126 1671 554 2264 63 37 968 1737 1310 583 21 708 13 17 121 20 16 1263 23 65 199 859 1495 12 468 10 252 22 184 62 6729 18 30 404 148 3975 1482 5926 72 57 900 139 869 35 621 2818 2060 107 38 485 58 236 356 197 867 24 7624 3756 166 74 193 3110 355 44 102 131 1334 5921 1173 1954 26 114 78 45 303 164 253 2591 9517
65 8 0 138 9 2 7 1 5 27 14 3 4 69 28 6 3244 155 19 1502 1290 15 2848 120 3097 11 176 126 1671 554 2264 63 37 968 1737 1310 583 21 708 13 17 121 20 16 1263 23 65 199 859 1495 12 468 10 252 22 184 62 6729 18 30 404 148 3975 1482 5926 72 57 900 139 869 35 621 2818 2060 107 38 485 58 236 356 197 867 24 7624 3756 166 74 193 3110 355 44 102 131 1334 5921 1173 1954 26 114 78 45 303 164 253 2591 9517
66 8 0 138 9 2 7 1 5 27 14 3 4 69 28 6 3244 155 19 1502 1290 15 2848 120 3097 11 176 126 1671 554 2264 63 37 968 1737 1310 583 21 708 13 17 121 20 16 1263 23 65 199 859 1495 12 468 10 252 22 184 62 6729 18 30 404 148 3975 1482 5926 72 57 900 139 869 35 621 2818 2060 107 38 485 58 236 356 197 867 24 7624 3756 166 74 193 3110 355 44 102 131 1334 5921 1173 1954 26 114 78 45 303 164 253 2591 9517
67 8 0 138 9 2 7 1 5 27 14 3 4 69 28 6 3244 155 19 1502 1290 15 2848 120 3097 11 176 126 1671 554 2264 63 37 968 1737 1310 583 21 708 13 17 121 20 16 1263 23 65 199 859 1495 12 468 10 252 22 184 62 6729 18 30 404 148 3975 1482 5926 72 57 900 139 869 35 621 2818 2060 107 38 485 58 236 356 197 867 24 7624 3756 166 74 193 3110 355 44 102 131 1334 5921 1173 1954 26 114 78 45 303 164 253 2591 9517
68 8 0 138 9 2 7 1 5 27 14 3 4 69 28 6 3244 155 19 1502 1290 15 2848 120 3097 11 176 126 1671 554 2264 63 37 968 1737 1310 583 21 708 13 17 121 20 16 1263 23 65 199 859 1495 12 468 10 252 22 184 62 6729 18 30 404 148 3975 1482 5926 72 57 900 139 869 35 621 2818 2060 107 38 485 58 236 356 197 867 24 7624 3756 166 74 193 3110 355 44 102 131 1334 5921 1173 1954 26 114 78 45 303 164 253 2591 9517
69 8 0 138 9 2 7 1 5 27 14 3 4 69 28 6 3244 155 19 1502 1290 15 2848 120 3097 11 176 126 1671 554 2264 63 37 968 1737 1310 583 21 708 13 17 121 20 16 1263 23 65 199 859 1495 12 468 10 252 22 184 62 6729 18 30 404 148 3975 1482 5926 72 57 900 139 869 35 621 2818 2060 107 38 485 58 236 356 197 867 24 7624 3756 166 74 193 3110 355 44 102 131 1334 5921 1173 1954 26 114 78 45 303 164 253 2591 9517
70 8 0 138 9 2 7 1 5 27 14 3 4 69 28 6 3244 155 19 1502 1290 15 2848 120 3097 11 176 126 1671 554 2264 63 37 968 1737 1310 583 21 708 13 17 121 20 16 1263 23 65 199 859 1495 12 468 10 252 22 184 62 6729 18 30 404 148 3975 1482 5926 72 57 900 139 869 35 621 2818 2060 107 38 485 58 236 356 197 867 24 7624 3756 166 74 193 3110 355 44 102 131 1334 5921 1173 1954 26 114 78 45 303 164 253 2591 9517
71 8 0 138 9 2 7 1 5 27 14 3 4 69 28 6 3244 155 19 1502 1290 15 2848 120 3097 11 176 126 1671 554 2264 63 37 968 1737 1310 583 21 708 13 17 121 20 16 1263 23 65 199 859 1495 12 468 10 252 22 184 62 6729 18 30 404 148 3975 1482 5926 72 57 900 139 869 35 621 2818 2060 107 38 485 58 236 356 197 867 24 7624 3756 166 74 193 3110 355 44 102 131 1334 5921 1173 1954 26 114 78 45 303 164 253 2591 9517
72 8 0 138 9 2 7 1 5 27 14 3 4 69 28 6 3244 155 19 1502 1290 15 2848 120 3097 11 176 126 1671 554 2264 63 37 968 1737 1310 583 21 708 13 17 121 20 16 1263 23 65 199 859 1495 12 468 10 252 22 184 62 6729 18 30 404 148 3975 1482 5926 72 57 900 139 869 35 621 2818 2060 107 38 485 58 236 356 197 867 24 7624 3756 166 74 193 3110 355 44 102 131 1334 5921 1173 1954 26 114 78 45 303 164 253 2591 9517
73 8 0 138 9 2 7 1 5 27 14 3 4 69 28 6 3244 155 19 1502 1290 15 2848 120 3097 11 176 126 1671 554 2264 63 37 968 1737 1310 583 21 708 13 17 121 20 16 1263 23 65 199 859 1495 12 468 10 252 22 184 62 6729 18 30 404 148 3975 1482 5926 72 57 900 139 869 35 621 2818 2060 107 38 485 58 236 356 197 867 24 7624 3756 166 74 193 3110 355 44 102 131 1334 5921 1173 1954 26 114 78 45 303 164 253 2591 9517
74 8 0 138 9 2 7 1 5 27 14 3 4 69 28 6 3244 155 19 1502 1290 15 2848 120 3097 11 176 126 1671 554 2264 63 37 968 1737 1310 583 21 708 13 17 121 20 16 1263 23 65 199 859 1495 12 468 10 252 22 184 62 6729 18 30 404 148 3975 1482 5926 72 57 900 139 869 35 621 2818 2060 107 38 485 58 236 356 197 867 24 7624 3756 166 74 193 3110 355 44 102 131 1334 5921 1173 1954 26 114 78 45 303 164 253 2591 9517
75 8 0 138 9 2 7 1 5 27 14 3 4 69 28 6 3244 155 19 1502 1290 15 2848 120 3097 11 176 126 1671 554 2264 63 37 968 1737 1310 583 21 708 13 17 121 20 16 1263 23 65 199 859 1495 12 468 10 252 22 184 62 6729 18 30 404 148 3975 1482 5926 72 57 900 139 869 35 621 2818 2060 107 38 485 58 236 356 197 867 24 7624 3756 166 74 193 3110 355 44 102 131 1334 5921 1173 1954 26 114 78 45 303 164 253 2591 9517
76 8 0 138 9 2 7 1 5 27 14 3 4 69 28 6 3244 155 19 1502 1290 15 2848 120 3097 11 176 126 1671 554 2264 63 37 968 1737 1310 583 21 708 13 17 121 20 16 1263 23 65 199 859 1495 12 468 10 252 22 184 62 6729 18 30 404 148 3975 1482 5926 72 57 900 139 869 35 621 2818 2060 107 38 485 58 236 356 197 867 24 7624 3756 166 74 193 3110 355 44 102 131 1334 5921 1173 1954 26 114 78 45 303 164 253 2591 9517
77 8 0 138 9 2 7 1 5 27 14 3 4 69 28 6 3244 155 19 1502 1290 15 2848 120 3097 11 176 126 1671 554 2264 63 37 968 1737 1310 583 21 708 13 17 121 20 16 1263 23 65 199 859 1495 12 468 10 252 22 184 62 6729 18 30 404 148 3975 1482 5926 72 57 900 139 869 35 621 2818 2060 107 38 485 58 236 356 197 867 24 7624 3756 166 74 193 3110 355 44 102 131 1334 5921 1173 1954 26 114 78 45 303 164 253 2591 9517
78 8 0 138 9 2 7 1 5 27 14 3 4 69 28 6 3244 155 19 1502 1290 15 2848 120 3097 11 176 126 1671 554 2264 63 37 968 1737 1310 583 21 708 13 17 121 20 16 1263 23 65 199 859 1495 12 468 10 252 22 184 62 6729 18 30 404 148 3975 1482 5926 72 57 900 139 869 35 621 2818 2060 107 38 485 58 236 356 197 867 24 7624 3756 166 74 193 3110 355 44 102 131 1334 5921 1173 1954 26 114 78 45 303 164 253 2591 9517
79 8 0 138 9 2 7 1 5 27 14 3 4 69 28 6 3244 155 19 1502 1290 15 2848 120 3097 11 176 126 1671 554 2264 63 37 968 1737 1310 583 21 708 13 17 121 20 16 1263 23 65 199 859 1495 12 468 10 252 22 184 62 6729 18 30 404 148 3975 1482 5926 72 57 900 139 869 35 621 2818 2060 107 38 485 58 236 356 197 867 24 7624 3756 166 74 193 3110 355 44 102 131 1334 5921 1173 1954 26 114 78 45 303 164 253 2591 9517
80 8 0 138 9 2 7 1 5 27 14 3 4 69 28 6 3244 155 19 1502 1290 15 2848 120 3097 11 176 126 1671 554 2264 63 37 968 1737 1310 583 21 708 13 17 121 20 16 1263 23 65 199 859 1495 12 468 10 252 22 184 62 6729 18 30 404 148 3975 1482 5926 72 57 900 139 869 35 621 2818 2060 107 38 485 58 236 356 197 867 24 7624 3756 166 74 193 3110 355 44 102 131 1334 5921 1173 1954 26 114 78 45 303 164 253 2591 9517
81 8 0 138 9 2 7 1 5 27 14 3 4 69 28 6 3244 155 19 1502 1290 15 2848 120 3097 11 176 126 1671 554 2264 63 37 968 1737 1310 583 21 708 13 17 121 20 16 1263 23 65 199 859 1495 12 468 10 252 22 184 62 6729 18 30 404 148 3975 1482 5926 72 57 900 139 869 35 621 2818 2060 107 38 485 58 236 356 197 867 24 7624 3756 166 74 193 3110 355 44 102 131 1334 5921 1173 1954 26 114 78 45 303 164 253 2591 9517
82 8 0 138 9 2 7 1 5 27 14 3 4 69 28 6 3244 155 19 1502 1290 15 2848 120 3097 11 176 126 1671 554 2264 63 37 968 1737 1310 583 21 708 13 17 121 20 16 1263 23 65 199 859 1495 12 468 10 252 22 184 62 6729 18 30 404 148 3975 1482 5926 72 57 900 139 869 35 621 2818 2060 107 38 485 58 236 356 197 867 24 7624 3756 166 74 193 3110 355 44 102 131 1334 5921 1173 1954 26 114 78 45 303 164 253 2591 9517
83 8 0 138 9 2 7 1 5 27 14 3 4 69 28 6 3244 155 19 1502 1290 15 2848 120 3097 11 176 126 1671 554 2264 63 37 968 1737 1310 583 21 708 13 17 121 20 16 1263 23 65 199 859 1495 12 468 10 252 22 184 62 6729 18 30 404 148 3975 1482 5926 72 57 900 139 869 35 621 2818 2060 107 38 485 58 236 356 197 867 24 7624 3756 166 74 193 3110 355 44 102 131 1334 5921 1173 1954 26 114 78 45 303 164 253 2591 9517
84 8 0 138 9 2 7 1 5 27 14 3 4 69 28 6 3244 155 19 1502 1290 15 2848 120 3097 11 176 126 1671 554 2264 63 37 968 1737 1310 583 21 708 13 17 121 20 16 1263 23 65 199 859 1495 12 468 10 252 22 184 62 6729 18 30 404 148 3975 1482 5926 72 57 900 139 869 35 621 2818 2060 107 38 485 58 236 356 197 867 24 7624 3756 166 74 193 3110 355 44 102 131 1334 5921 1173 1954 26 114 78 45 303 164 253 2591 9517
85 8 0 138 9 2 7 1 5 27 14 3 4 69 28 6 3244 155 19 1502 1290 15 2848 120 3097 11 176 126 1671 554 2264 63 37 968 1737 1310 583 21 708 13 17 121 20 16 1263 23 65 199 859 1495 12 468 10 252 22 184 62 6729 18 30 404 148 3975 1482 5926 72 57 900 139 869 35 621 2818 2060 107 38 485 58 236 356 197 867 24 7624 3756 166 74 193 3110 355 44 102 131 1334 5921 1173 1954 26 114 78 45 303 164 253 2591 9517
86 8 0 138 9 2 7 1 5 27 14 3 4 69 28 6 3244 155 19 1502 1290 15 2848 120 3097 11 176 126 1671 554 2264 63 37 968 1737 1310 583 21 708 13 17 121 20 16 1263 23 65 199 859 1495 12 468 10 252 22 184 62 6729 18 30 404 148 3975 1482 5926 72 57 900 139 869 35 621 2818 2060 107 38 485 58 236 356 197 867 24 7624 3756 166 74 193 3110 355 44 102 131 1334 5921 1173 1954 26 114 78 45 303 164 253 2591 9517
87 8 0 138 9 2 7 1 5 27 14 3 4 69 28 6 3244 155 19 1502 1290 15 2848 120 3097 11 176 126 1671 554 2264 63 37 968 1737 1310 583 21 708 13 17 121 20 16 1263 23 65 199 859 1495 12 468 10 252 22 184 62 6729 18 30 404 148 3975 1482 5926 72 57 900 139 869 35 621 2818 2060 107 38 485 58 236 356 197 867 24 7624 3756 166 74 193 3110 355 44 102 131 1334 5921 1173 1954 26 114 78 45 303 164 253 2591 9517
88 8 0 138 9 2 7 1 5 27 14 3 4 69 28 6 3244 155 19 1502 1290 15 2848 120 3097 11 176 126 1671 554 2264 63 37 968 1737 1310 583 21 708 13 17 121 20 16 1263 23 65 199 859 1495 12 468 10 252 22 184 62 6729 18 30 404 148 3975 1482 5926 72 57 900 139 869 35 621 2818 2060 107 38 485 58 236 356 197 867 24 7624 3756 166 74 193 3110 355 44 102 131 1334 5921 1173 1954 26 114 78 45 303 164 253 2591 9517
89 8 0 138 9 2 7 1 5 27 14 3 4 69 28 6 3244 155 19 1502 1290 15 2848 120 3097 11 176 126 1671 554 2264 63 37 968 1737 1310 583 21 708 13 17 121 20 16 1263 23 65 199 859 1495 12 468 10 252 22 184 62 6729 18 30 404 148 3975 1482 5926 72 57 900 139 869 35 621 2818 2060 107 38 485 58 236 356 197 867 24 7624 3756 166 74 193 3110 355 44 102 131 1334 5921 1173 1954 26 114 78 45 303 164 253 2591 9517
90 8 0 138 9 2 7 1 5 27 14 3 4 69 28 6 3244 155 19 1502 1290 15 2848 120 3097 11 176 126 1671 554 2264 63 37 968 1737 1310 583 21 708 13 17 121 20 16 1263 23 65 199 859 1495 12 468 10 252 22 184 62 6729 18 30 404 148 3975 1482 5926 72 57 900 139 869 35 621 2818 2060 107 38 485 58 236 356 197 867 24 7624 3756 166 74 193 3110 355 44 102 131 1334 5921 1173 1954 26 114 78 45 303 164 253 2591 9517
91 8 0 138 9 2 7 1 5 27 14 3 4 69 28 6 3244 155 19 1502 1290 15 2848 120 3097 11 176 126 1671 554 2264 63 37 968 1737 1310 583 21 708 13 17 121 20 16 1263 23 65 199 859 1495 12 468 10 252 22 184 62 6729 18 30 404 148 3975 1482 5926 72 57 900 139 869 35 621 2818 2060 107 38 485 58 236 356 197 867 24 7624 3756 166 74 193 3110 355 44 102 131 1334 5921 1173 1954 26 114 78 45 303 164 253 2591 9517
92 8 0 138 9 2 7 1 5 27 14 3 4 69 28 6 3244 155 19 1502 1290 15 2848 120 3097 11 176 126 1671 554 2264 63 37 968 1737 1310 583 21 708 13 17 121 20 16 1263 23 65 199 859 1495 12 468 10 252 22 184 62 6729 18 30 404 148 3975 1482 5926 72 57 900 139 869 35 621 2818 2060 107 38 485 58 236 356 197 867 24 7624 3756 166 74 193 3110 355 44 102 131 1334 5921 1173 1954 26 114 78 45 303 164 253 2591 9517
93 8 0 138 9 2 7 1 5 27 14 3 4 69 28 6 3244 155 19 1502 1290 15 2848 120 3097 11 176 126 1671 554 2264 63 37 968 1737 1310 583 21 708 13 17 121 20 16 1263 23 65 199 859 1495 12 468 10 252 22 184 62 6729 18 30 404 148 3975 1482 5926 72 57 900 139 869 35 621 2818 2060 107 38 485 58 236 356 197 867 24 7624 3756 166 74 193 3110 355 44 102 131 1334 5921 1173 1954 26 114 78 45 303 164 253 2591 9517
94 8 0 138 9 2 7 1 5 27 14 3 4 69 28 6 3244 155 19 1502 1290 15 2848 120 3097 11 176 126 1671 554 2264 63 37 968 1737 1310 583 21 708 13 17 121 20 16 1263 23 65 199 859 1495 12 468 10 252 22 184 62 6729 18 30 404 148 3975 1482 5926 72 57 900 139 869 35 621 2818 2060 107 38 485 58 236 356 197 867 24 7624 3756 166 74 193 3110 355 44 102 131 1334 5921 1173 1954 26 114 78 45 303 164 253 2591 9517
95 8 0 138 9 2 7 1 5 27 14 3 4 69 28 6 3244 155 19 1502 1290 15 2848 120 3097 11 176 126 1671 554 2264 63 37 968 1737 1310 583 21 708 13 17 121 20 16 1263 23 65 199 859 1495 12 468 10 252 22 184 62 6729 18 30 404 148 3975 1482 5926 72 57 900 139 869 35 621 2818 2060 107 38 485 58 236 356 197 867 24 7624 3756 166 74 193 3110 355 44 102 131 1334 5921 1173 1954 26 114 78 45 303 164 253 2591 9517
96 8 0 138 9 2 7 1 5 27 14 3 4 69 28 6 3244 155 19 1502 1290 15 2848 120 3097 11 176 126 1671 554 2264 63 37 968 1737 1310 583 21 708 13 17 121 20 16 1263 23 65 199 859 1495 12 468 10 252 22 184 62 6729 18 30 404 148 3975 1482 5926 72 57 900 139 869 35 621 2818 2060 107 38 485 58 236 356 197 867 24 7624 3756 166 74 193 3110 355 44 102 131 1334 5921 1173 1954 26 114 78 45 303 164 253 2591 9517
97 8 0 138 9 2 7 1 5 27 14 3 4 69 28 6 3244 155 19 1502 1290 15 2848 120 3097 11 176 126 1671 554 2264 63 37 968 1737 1310 583 21 708 13 17 121 20 16 1263 23 65 199 859 1495 12 468 10 252 22 184 62 6729 18 30 404 148 3975 1482 5926 72 57 900 139 869 35 621 2818 2060 107 38 485 58 236 356 197 867 24 7624 3756 166 74 193 3110 355 44 102 131 1334 5921 1173 1954 26 114 78 45 303 164 253 2591 9517
98 8 0 138 9 2 7 1 5 27 14 3 4 69 28 6 3244 155 19 1502 1290 15 2848 120 3097 11 176 126 1671 554 2264 63 37 968 1737 1310 583 21 708 13 17 121 20 16 1263 23 65 199 859 1495 12 468 10 252 22 184 62 6729 18 30 404 148 3975 1482 5926 72 57 900 139 869 35 621 2818 2060 107 38 485 58 236 356 197 867 24 7624 3756 166 74 193 3110 355 44 102 131 1334 5921 1173 1954 26 114 78 45 303 164 253 2591 9517
99 8 0 138 9 2 7 1 5 27 14 3 4 69 28 6 3244 155 19 1502 1290 15 2848 120 3097 11 176 126 1671 554 2264 63 37 968 1737 1310 583 21 708 13 17 121 20 16 1263 23 65 199 859 1495 12 468 10 252 22 184 62 6729 18 30 404 148 3975 1482 5926 72 57 900 139 869 35 621 2818 2060 107 38 485 58 236 356 197 867 24 7624 3756 166 74 193 3110 355 44 102 131 1334 5921 1173 1954 26 114 78 45 303 164 253 2591 9517